1 
11 
110 
1100 
11000 
110001 
110001 1 
110001 10 
110001 100 
110001 1001 
110001 10011 
110001 100111 
110001 100111 1 
110001 100111 11 
110001 100111 111 
110001 100111 1111 
110001 100111 11110 
110001 100111 111100 
110001 100111 111100 1 
110001 100111 111100 10 
110001 100111 111100 101 
110001 100111 111100 1010 
110001 100111 111100 10101 
110001 100111 111100 101010 
110001 100111 111100 101010 0 
110001 100111 111100 101010 01 
110001 100111 111100 101010 010 
110001 100111 111100 101010 0101 
110001 100111 111100 101010 01010 
110001 100111 111100 101010 010101 
110001 100111 111100 101010 010101 1 
110001 100111 111100 101010 010101 11 
110001 100111 111100 101010 010101 111 
110001 100111 111100 101010 010101 1110 
110001 100111 111100 101010 010101 11100 
110001 100111 111100 101010 010101 111000 
110001 100111 111100 101010 010101 111000 1 
110001 100111 111100 101010 010101 111000 11 
110001 100111 111100 101010 010101 111000 111 
110001 100111 111100 101010 010101 111000 1111 
110001 100111 111100 101010 010101 111000 11110 
110001 100111 111100 101010 010101 111000 111101 
110001 100111 111100 101010 010101 111000 111101 0 
110001 100111 111100 101010 010101 111000 111101 00 
110001 100111 111100 101010 010101 111000 111101 001 
110001 100111 111100 101010 010101 111000 111101 0011 
110001 100111 111100 101010 010101 111000 111101 00110 
110001 100111 111100 101010 010101 111000 111101 001101
110001 100111 111100 101010 010101 111000 111101 001101
1 
11 
111 
1110 
11101 
111011 
111011 0 
111011 00 
111011 001 
111011 0010 
111011 00101 
111011 001010 
111011 001010 1 
111011 001010 10 
111011 001010 101 
111011 001010 1010 
111011 001010 10100 
111011 001010 101001 
111011 001010 101001 1 
111011 001010 101001 11 
111011 001010 101001 110 
111011 001010 101001 1100 
111011 001010 101001 11001 
111011 001010 101001 110010 
111011 001010 101001 110010 0 
111011 001010 101001 110010 01 
111011 001010 101001 110010 010 
111011 001010 101001 110010 0100 
111011 001010 101001 110010 01001 
111011 001010 101001 110010 010011 
111011 001010 101001 110010 010011 0 
111011 001010 101001 110010 010011 01 
111011 001010 101001 110010 010011 010 
111011 001010 101001 110010 010011 0100 
111011 001010 101001 110010 010011 01000 
111011 001010 101001 110010 010011 010001 
111011 001010 101001 110010 010011 010001 1 
111011 001010 101001 110010 010011 010001 10 
111011 001010 101001 110010 010011 010001 100 
111011 001010 101001 110010 010011 010001 1001 
111011 001010 101001 110010 010011 010001 10010 
111011 001010 101001 110010 010011 010001 100100 
111011 001010 101001 110010 010011 010001 100100 0 
111011 001010 101001 110010 010011 010001 100100 01 
111011 001010 101001 110010 010011 010001 100100 010 
111011 001010 101001 110010 010011 010001 100100 0101 
111011 001010 101001 110010 010011 010001 100100 01010 
111011 001010 101001 110010 010011 010001 100100 010101 
